('acceler',[(3, 1), (31, 1)])
('accret',[(9, 1), (17, 5)])
('accur',[(16, 1), (22, 1)])
('accuraci',[(1, 1), (8, 1), (31, 1)])
('acquir',[(27, 1)])
('action',[(22, 2)])
('activ',[(9, 1), (21, 1)])
('acycl',[(4, 1)])
('adapt',[(31, 2)])
('addit',[(9, 1)])
('adequ',[(23, 1)])
('adic',[(13, 1)])
('advanc',[(25, 1)])
('ago',[(3, 1)])
('agre',[(3, 2)])
('agreement',[(1, 1), (17, 1), (18, 1)])
('al',[(17, 3)])
('algebra',[(22, 2)])
('algorithm',[(2, 4), (11, 1)])
('alma',[(23, 2)])
('along',[(17, 1), (22, 1), (24, 1)])
('alpha',[(5, 2)])
('also',[(2, 2), (3, 1), (6, 1), (9, 1), (12, 1), (13, 1), (16, 1), (20, 1), (22, 1), (23, 1)])
('american',[(3, 1)])
('among',[(13, 1)])
('amplitud',[(15, 2), (23, 1), (24, 1)])
('analogu',[(12, 1)])
('analysi',[(9, 1), (20, 1), (21, 1), (31, 1)])
('analyt',[(8, 1), (25, 1)])
('analyz',[(32, 1)])
('angl',[(31, 2)])
('angular',[(3, 1)])
('annihil',[(6, 1)])
('anoth',[(6, 1)])
('anti',[(1, 1)])
('antiquark',[(1, 1)])
('appear',[(2, 1), (9, 1), (17, 1)])
('appli',[(18, 1)])
('applic',[(8, 1), (12, 1), (13, 1), (31, 1)])
('approach',[(7, 1), (26, 1)])
('appropri',[(7, 1), (23, 1)])
('approxim',[(19, 1), (21, 1), (22, 3), (25, 1)])
('arbitrari',[(10, 1)])
('arbor',[(2, 1)])
('arcsec',[(23, 1)])
('area',[(9, 1)])
('aris',[(7, 1)])
('arrang',[(30, 1)])
('array',[(23, 1)])
('articl',[(14, 1)])
('aspect',[(7, 1)])
('associ',[(6, 1), (27, 1)])
('assum',[(9, 1)])
('atmospher',[(23, 2)])
('atom',[(5, 1), (6, 3)])
('attent',[(2, 1), (7, 1), (32, 1)])
('author',[(16, 1)])
('automata',[(4, 2)])
('autonom',[(22, 1)])
('averag',[(3, 1), (20, 1)])
('b',[(27, 1)])
('babar',[(20, 1)])
('back',[(7, 1), (22, 3)])
('background',[(9, 2)])
('band',[(27, 1), (30, 3)])
('bar',[(14, 1), (32, 2)])
('baryon',[(16, 1)])
('base',[(2, 1), (13, 1), (14, 1), (17, 1), (21, 1), (22, 1)])
('basi',[(19, 1)])
('basic',[(8, 1)])
('bcs',[(6, 1)])
('becom',[(21, 1), (22, 1)])
('behavior',[(3, 1), (24, 1), (30, 1)])
('bell',[(17, 2)])
('bent',[(31, 1)])
('beyond',[(3, 1)])
('bifurc',[(21, 1)])
('biject',[(4, 1)])
('billion',[(3, 1)])
('bima',[(23, 1)])
('bipartit',[(10, 1)])
('bit',[(26, 1)])
('block',[(26, 1)])
('bodi',[(22, 1)])
('bona',[(9, 1)])
('borcherd',[(13, 1)])
('bose',[(6, 1)])
('boson',[(1, 1), (6, 2), (29, 4)])
('bound',[(28, 1)])
('box',[(26, 1)])
('br',[(20, 3)])
('bracket',[(12, 1)])
('branch',[(20, 1)])
('break',[(29, 2)])
('brillouin',[(24, 1)])
('broad',[(17, 1), (31, 1)])
('brought',[(27, 1)])
('bruinier',[(12, 1)])
('build',[(26, 1)])
('burst',[(32, 1)])
('c',[(9, 1), (10, 1)])
('cabibbo',[(16, 1)])
('calcul',[(1, 2), (8, 3), (10, 1), (15, 1), (16, 1), (20, 1), (25, 1)])
('call',[(22, 1), (24, 1), (26, 1), (28, 1)])
('callia',[(18, 1)])
('canon',[(7, 1)])
('cap',[(12, 1)])
('captur',[(8, 1)])
('care',[(16, 1)])
('carlo',[(25, 1)])
('carlsson',[(23, 1)])
('carri',[(23, 1)])
('cartesian',[(10, 1)])
('castel',[(22, 2)])
('catalyt',[(21, 1)])
('caus',[(3, 1), (29, 1)])
('cayley',[(26, 1)])
('cc',[(16, 3)])
('cdf',[(1, 1)])
('cdp',[(26, 1)])
('certain',[(4, 1), (12, 1), (13, 1)])
('certifi',[(2, 1)])
('chang',[(32, 1)])
('channel',[(31, 1)])
('charact',[(6, 1)])
('character',[(2, 2), (10, 2)])
('charm',[(16, 1)])
('chen',[(14, 1)])
('cherenkov',[(32, 1)])
('chi',[(12, 1)])
('chosen',[(6, 1)])
('chromodynam',[(1, 1)])
('chromospher',[(23, 4)])
('circul',[(17, 1)])
('circular',[(27, 1)])
('clarifi',[(16, 1)])
('class',[(11, 1), (12, 1), (26, 1)])
('classifi',[(12, 1)])
('clean',[(23, 1)])
('close',[(17, 2), (22, 1)])
('closest',[(3, 1)])
('cluster',[(9, 2)])
('coeffici',[(13, 3)])
('cohen',[(12, 1)])
('coher',[(21, 1)])
('collabor',[(16, 1)])
('collid',[(1, 2), (20, 1), (31, 1)])
('color',[(2, 3), (9, 2)])
('combin',[(9, 2)])
('commut',[(7, 1), (22, 1)])
('compar',[(9, 1), (20, 1)])
('comparison',[(23, 1)])
('compet',[(30, 1)])
('complex',[(14, 1), (21, 1), (26, 1)])
('compon',[(17, 2)])
('composit',[(6, 1), (8, 1)])
('comprehens',[(23, 1)])
('compress',[(8, 1)])
('comput',[(5, 1), (11, 1), (18, 2), (23, 1)])
('concentr',[(21, 1)])
('concern',[(2, 1)])
('condens',[(6, 1)])
('conduct',[(25, 1), (30, 2)])
('confid',[(9, 2)])
('confin',[(24, 2)])
('confirm',[(16, 1), (17, 2)])
('congruenc',[(13, 4)])
('conjectur',[(12, 1)])
('connect',[(2, 1)])
('consequ',[(5, 1)])
('consid',[(7, 2), (21, 1), (32, 1)])
('consist',[(16, 1), (17, 2)])
('constant',[(3, 1), (26, 1), (28, 1)])
('constitu',[(29, 2)])
('construct',[(10, 1), (22, 1)])
('contact',[(19, 1)])
('contamin',[(9, 1)])
('context',[(26, 1)])
('continu',[(25, 1)])
('continuum',[(7, 1)])
('contract',[(10, 1)])
('contrast',[(1, 1)])
('contribut',[(1, 1), (16, 1)])
('control',[(6, 1)])
('convers',[(32, 2)])
('cool',[(23, 1)])
('cooper',[(6, 2)])
('corot',[(17, 1)])
('correct',[(6, 1)])
('correl',[(9, 1), (25, 1), (30, 2)])
('correspond',[(6, 2), (20, 1), (22, 2)])
('cosmolog',[(7, 2)])
('count',[(4, 1)])
('counterpart',[(22, 1)])
('coupl',[(8, 1), (25, 1), (27, 1)])
('cover',[(9, 1)])
('creation',[(6, 1)])
('criteria',[(9, 1)])
('criterion',[(31, 1)])
('critic',[(31, 1)])
('crossov',[(30, 1)])
('crystal',[(31, 6)])
('cube',[(10, 5)])
('current',[(3, 1)])
('curtain',[(17, 4)])
('cusp',[(11, 1), (12, 1)])
('cycl',[(4, 1), (21, 1)])
('cyclic',[(14, 1)])
('d',[(9, 1), (20, 5), (24, 1)])
('dark',[(3, 2)])
('data',[(1, 2), (3, 1), (9, 2), (20, 1)])
('debri',[(9, 1)])
('decay',[(1, 1), (20, 3)])
('decomposit',[(2, 2)])
('decompress',[(8, 1)])
('decreas',[(24, 1)])
('defin',[(10, 1)])
('definit',[(6, 3), (28, 1)])
('deform',[(8, 1)])
('deg',[(9, 1)])
('deleptonis',[(32, 1)])
('demonstr',[(1, 1), (22, 1), (23, 1)])
('depend',[(27, 1), (30, 1), (32, 1)])
('deriv',[(3, 1), (7, 1), (12, 1), (26, 1), (29, 1)])
('describ',[(2, 1), (3, 2), (6, 1), (9, 1), (27, 1)])
('descript',[(5, 1), (7, 2)])
('detail',[(1, 1)])
('detect',[(17, 1), (27, 1), (32, 3)])
('detector',[(20, 1), (32, 1)])
('determin',[(4, 2), (20, 1), (28, 1), (29, 1)])
('determinist',[(22, 1)])
('develop',[(8, 1), (21, 1)])
('devis',[(8, 1)])
('diagon',[(6, 1)])
('diagram',[(9, 1), (16, 1)])
('diagrammat',[(25, 1)])
('dickson',[(26, 1)])
('differ',[(7, 1), (8, 1), (15, 1), (25, 1)])
('differenti',[(1, 1), (14, 1), (22, 3)])
('diffract',[(31, 1)])
('dimens',[(10, 2), (18, 2)])
('dimension',[(6, 1), (15, 1), (18, 1), (19, 1), (22, 1), (26, 1)])
('diphoton',[(1, 2)])
('dipolar',[(24, 1)])
('diquark',[(16, 1)])
('direct',[(27, 1)])
('disc',[(17, 4)])
('discrep',[(16, 1)])
('discret',[(7, 1)])
('discuss',[(9, 2), (14, 1)])
('disk',[(9, 6)])
('distanc',[(3, 1), (9, 1), (17, 1)])
('distinguish',[(9, 1), (23, 1)])
('distort',[(30, 1)])
('distribut',[(1, 2), (12, 2), (31, 2)])
('diverg',[(31, 1)])
('divis',[(3, 1)])
('divisor',[(26, 1)])
('djokovi',[(10, 1)])
('dmft',[(30, 1)])
('doppler',[(17, 1)])
('doubl',[(30, 1)])
('doubli',[(16, 1)])
('downstream',[(31, 1)])
('dramat',[(32, 1)])
('driven',[(30, 1)])
('dual',[(18, 1)])
('due',[(7, 1), (17, 1), (23, 1), (32, 2)])
('dwarf',[(17, 2)])
('dyadic',[(5, 2)])
('dynam',[(8, 2), (22, 1), (23, 5), (24, 2)])
('e',[(20, 2), (31, 1), (32, 3)])
('earth',[(3, 6), (32, 1)])
('edg',[(17, 2), (24, 2)])
('effect',[(8, 2), (24, 1), (27, 1), (30, 2), (32, 4)])
('effici',[(31, 1)])
('eigenform',[(11, 2)])
('eigensystem',[(11, 1)])
('eisentein',[(13, 1)])
('either',[(32, 1)])
('electron',[(20, 1), (25, 1), (27, 1), (30, 3), (32, 1)])
('element',[(16, 1)])
('ell',[(2, 3)])
('emerg',[(31, 1)])
('emiss',[(17, 1), (23, 1), (29, 3)])
('emit',[(29, 1)])
('employ',[(10, 1)])
('enabl',[(25, 1)])
('energi',[(1, 1), (30, 2)])
('enhanc',[(1, 1), (6, 1)])
('ensembl',[(26, 1)])
('ensur',[(22, 1)])
('envelop',[(9, 1), (32, 2)])
('enzym',[(21, 3)])
('equat',[(8, 1), (22, 1)])
('establish',[(10, 1)])
('esz',[(28, 1)])
('et',[(17, 3)])
('euclidean',[(28, 1)])
('ev',[(28, 1)])
('evalu',[(4, 1), (15, 1), (16, 2)])
('even',[(9, 1), (18, 1)])
('event',[(1, 1)])
('evid',[(3, 1), (17, 2)])
('evolut',[(3, 3), (24, 1)])
('evolv',[(9, 1), (22, 1)])
('ex',[(17, 3)])
('exact',[(25, 1)])
('examin',[(6, 2)])
('exampl',[(6, 1), (7, 1), (8, 1), (11, 2)])
('excit',[(25, 1)])
('exciton',[(25, 2)])
('exhibit',[(9, 1), (32, 1)])
('expans',[(10, 1)])
('experi',[(8, 2), (16, 2), (24, 1)])
('experiment',[(27, 1)])
('explor',[(7, 1), (15, 1), (16, 1)])
('expon',[(13, 1)])
('exponenti',[(18, 1), (22, 2)])
('expos',[(2, 1)])
('express',[(15, 1)])
('extend',[(9, 1), (12, 1), (13, 1), (17, 2)])
('extens',[(9, 1)])
('extern',[(20, 1)])
('extinct',[(19, 1)])
('extra',[(9, 4)])
('extrem',[(23, 1)])
('f',[(6, 1), (12, 2), (20, 2)])
('factor',[(6, 1), (15, 1), (20, 2), (27, 1)])
('fall',[(17, 1)])
('famili',[(2, 2)])
('far',[(3, 1), (17, 1), (23, 1)])
('fb',[(20, 1)])
('feasibl',[(31, 1)])
('featur',[(23, 1), (30, 1), (32, 1)])
('fermi',[(6, 1)])
('fermilab',[(1, 1)])
('ferrimagnet',[(24, 1)])
('feshbach',[(6, 1)])
('fide',[(9, 1)])
('field',[(3, 3), (9, 1), (11, 2), (17, 1), (21, 1), (22, 1), (27, 1)])
('figur',[(26, 1)])
('fill',[(27, 1)])
('film',[(24, 1)])
('final',[(32, 1)])
('find',[(9, 2), (17, 1), (18, 1), (30, 1), (32, 1)])
('fine',[(27, 1)])
('finit',[(10, 1), (22, 1)])
('first',[(7, 1), (17, 1)])
('fit',[(9, 2)])
('flavor',[(29, 4), (32, 1)])
('flexibl',[(8, 1)])
('flow',[(17, 1), (22, 4)])
('fluid',[(3, 2)])
('fold',[(31, 1)])
('follow',[(7, 1)])
('form',[(9, 1), (11, 1), (12, 2), (13, 4), (14, 1), (20, 2), (24, 1), (30, 2)])
('format',[(21, 1), (24, 1)])
('formul',[(8, 1), (15, 1), (18, 1)])
('forward',[(31, 1)])
('fossil',[(3, 1)])
('found',[(6, 2), (8, 1), (24, 1)])
('four',[(15, 2)])
('fourier',[(13, 3)])
('fractal',[(26, 3)])
('fraction',[(20, 1), (32, 1)])
('framework',[(32, 1)])
('free',[(7, 1), (22, 1), (25, 1), (26, 1)])
('frequenc',[(23, 1), (25, 1), (30, 2)])
('friction',[(3, 1)])
('frohlich',[(25, 1)])
('fulli',[(1, 1)])
('function',[(6, 3), (9, 2), (13, 1), (18, 1), (25, 2), (28, 1), (29, 1), (30, 3)])
('fundament',[(26, 1)])
('funnel',[(17, 1)])
('furthermor',[(13, 1), (17, 1)])
('futur',[(16, 1), (32, 1)])
('g',[(27, 1)])
('gabow',[(2, 2)])
('gain',[(7, 1), (22, 2)])
('galact',[(9, 4), (32, 1)])
('game',[(2, 3)])
('gamma',[(12, 1), (13, 1), (27, 1)])
('gas',[(6, 2), (23, 1)])
('ge',[(5, 1), (6, 1)])
('general',[(2, 1), (3, 1), (8, 2), (16, 1)])
('generat',[(22, 2), (26, 1)])
('genus',[(26, 1)])
('geolog',[(3, 1)])
('geq',[(12, 2)])
('get',[(19, 1)])
('give',[(2, 1), (6, 1), (11, 1), (18, 1), (19, 1), (29, 1)])
('given',[(6, 1), (10, 1), (22, 1)])
('gluon',[(1, 4)])
('goldston',[(29, 4)])
('good',[(1, 1)])
('gr',[(19, 1)])
('graph',[(2, 4), (10, 2)])
('graphen',[(27, 2)])
('graviti',[(7, 1)])
('greater',[(26, 1)])
('green',[(25, 1)])
('grid',[(5, 1)])
('ground',[(25, 2)])
('group',[(22, 6)])
('h',[(5, 1)])
('hadron',[(1, 2), (16, 1), (20, 1), (31, 1)])
('hafnian',[(28, 2)])
('half',[(12, 1), (13, 2)])
('halpha',[(17, 1)])
('hamiltonian',[(29, 1)])
('hardi',[(5, 1)])
('harmon',[(7, 1), (16, 1)])
('hbeta',[(17, 1)])
('heck',[(11, 1)])
('hendrickson',[(2, 1)])
('hgamma',[(17, 1)])
('higg',[(1, 1)])
('high',[(8, 1), (9, 2), (21, 1), (23, 1), (31, 1)])
('higher',[(23, 1)])
('hilbert',[(11, 3)])
('histori',[(8, 1)])
('hold',[(31, 1)])
('hole',[(25, 1)])
('holomorph',[(13, 1)])
('hopf',[(21, 1)])
('hot',[(23, 1)])
('howev',[(16, 1), (23, 1)])
('hurwitz',[(12, 1)])
('hya',[(17, 3)])
('hybrid',[(30, 1)])
('hypercomplex',[(26, 1)])
('hypercub',[(10, 1)])
('identifi',[(9, 1), (11, 1)])
('ii',[(32, 1)])
('iii',[(32, 1)])
('ikeda',[(13, 1)])
('illustr',[(8, 1), (11, 1)])
('imaginari',[(25, 1)])
('impact',[(8, 1)])
('impli',[(29, 1)])
('import',[(10, 1), (24, 1)])
('improv',[(28, 1), (31, 1)])
('inabl',[(9, 1)])
('includ',[(1, 1), (7, 1), (16, 1), (30, 1)])
('inclus',[(32, 1)])
('increas',[(2, 1)])
('independ',[(20, 1), (22, 1)])
('index',[(18, 3)])
('indic',[(21, 1)])
('individu',[(21, 1)])
('induc',[(8, 2), (32, 2)])
('inequ',[(28, 2)])
('infinit',[(26, 1)])
('influenc',[(24, 1)])
('infrar',[(9, 1)])
('infti',[(12, 1)])
('initi',[(1, 1), (23, 1)])
('inner',[(29, 1), (32, 1)])
('input',[(20, 1)])
('instabl',[(24, 1)])
('instanc',[(2, 1)])
('instantan',[(30, 1)])
('integ',[(26, 1)])
('integr',[(12, 1), (13, 3), (14, 1), (15, 2), (22, 5)])
('intens',[(23, 1)])
('intepret',[(29, 1)])
('inter',[(27, 2)])
('interact',[(6, 1), (8, 1), (24, 1), (25, 1), (30, 1), (31, 1), (32, 1)])
('interest',[(7, 1), (30, 1)])
('interfac',[(8, 1)])
('intermedi',[(17, 1)])
('intern',[(32, 1)])
('internetwork',[(23, 1)])
('interpret',[(26, 1), (29, 1)])
('intrins',[(29, 1)])
('investig',[(21, 1), (30, 1)])
('involut',[(4, 1)])
('involv',[(4, 1), (15, 1), (22, 1)])
('ip',[(17, 2)])
('irac',[(9, 2)])
('isentrop',[(8, 1)])
('isol',[(9, 1)])
('isometr',[(10, 2)])
('iter',[(14, 1)])
('itiner',[(30, 1)])
('j',[(25, 1)])
('jahn',[(25, 1)])
('judici',[(1, 1)])
('k',[(2, 3), (6, 1), (20, 5), (23, 1)])
('kaa',[(22, 2)])
('kinemat',[(15, 1)])
('king',[(17, 1)])
('kite',[(26, 1)])
('km',[(3, 1), (17, 3)])
('known',[(7, 2), (10, 1)])
('kondo',[(30, 1)])
('l',[(13, 1)])
('lack',[(9, 1)])
('lambda',[(5, 1), (12, 1)])
('landau',[(27, 2)])
('larg',[(1, 1), (17, 1), (31, 1)])
('larger',[(16, 1), (30, 1)])
('last',[(22, 1)])
('later',[(9, 1), (24, 1)])
('lattic',[(4, 1), (10, 1), (27, 2), (31, 1)])
('layer',[(32, 1)])
('lead',[(1, 2), (15, 1), (30, 1)])
('least',[(9, 1), (26, 1)])
('lee',[(2, 1)])
('legaci',[(9, 1)])
('lehmann',[(25, 1)])
('length',[(6, 1)])
('less',[(9, 1)])
('letter',[(18, 1)])
('level',[(16, 1), (27, 2)])
('lhc',[(1, 2), (31, 1)])
('lie',[(22, 10)])
('lieb',[(28, 1)])
('lifetim',[(16, 2)])
('lift',[(11, 1), (13, 1)])
('light',[(24, 1)])
('limit',[(3, 1), (7, 2), (9, 1), (13, 1), (16, 1)])
('line',[(17, 1)])
('linear',[(13, 1), (24, 1), (28, 2)])
('load',[(8, 2)])
('lobe',[(17, 2)])
('logarithm',[(1, 1)])
('long',[(6, 1), (23, 1)])
('longer',[(23, 1)])
('longitudin',[(24, 1)])
('look',[(23, 1)])
('loop',[(7, 2), (15, 3), (18, 1)])
('low',[(9, 1), (30, 1)])
('lower',[(9, 3), (28, 1)])
('lsun',[(9, 1)])
('luminos',[(9, 2)])
('m',[(3, 1)])
('maass',[(13, 1)])
('made',[(1, 1), (8, 1)])
('magnet',[(24, 3), (27, 1)])
('magnetospher',[(17, 1)])
('main',[(12, 1)])
('make',[(31, 1)])
('mani',[(9, 1)])
('manifest',[(15, 1)])
('manifold',[(22, 5)])
('manipul',[(26, 1)])
('map',[(22, 1)])
('mar',[(3, 1)])
('mark',[(4, 1)])
('mass',[(9, 1)])
('massiv',[(1, 1)])
('massless',[(15, 1)])
('match',[(8, 1), (9, 1)])
('materi',[(8, 3), (17, 4), (27, 1)])
('mathbb',[(12, 1), (13, 1)])
('matric',[(28, 1)])
('matrix',[(16, 1)])
('matsubara',[(25, 1)])
('matter',[(3, 2), (32, 1)])
('may',[(3, 1), (9, 1), (32, 1)])
('mean',[(10, 2), (21, 1)])
('measur',[(16, 1), (20, 2), (27, 1), (31, 1)])
('mechan',[(7, 3), (16, 1)])
('meet',[(3, 1)])
('megaton',[(32, 1)])
('meta',[(26, 1)])
('metal',[(8, 1)])
('method',[(8, 3), (15, 1), (19, 1), (22, 5), (25, 1)])
('mhz',[(23, 1)])
('microrad',[(31, 1)])
('millimet',[(23, 2)])
('mip',[(9, 3)])
('mm',[(23, 3)])
('mode',[(27, 2)])
('model',[(3, 4), (7, 1), (8, 1), (9, 2), (16, 2), (17, 2), (20, 1), (23, 3), (25, 1), (29, 1), (30, 1)])
('modul',[(17, 2), (32, 1)])
('modular',[(12, 1), (13, 4)])
('moduli',[(12, 1), (18, 1)])
('modulo',[(12, 2)])
('molecular',[(6, 1), (21, 1)])
('mont',[(25, 1)])
('moon',[(3, 6)])
('mott',[(30, 2)])
('much',[(8, 1)])
('multipl',[(22, 1)])
('munth',[(22, 2)])
('must',[(16, 1)])
('n',[(5, 1), (12, 4), (13, 2), (26, 3)])
('name',[(7, 1)])
('narrow',[(11, 1), (17, 1)])
('nash',[(2, 1)])
('natur',[(23, 1)])
('near',[(17, 2), (24, 1)])
('negat',[(6, 1)])
('network',[(23, 1), (26, 1)])
('neutrino',[(32, 4)])
('neutron',[(32, 1)])
('new',[(2, 3), (10, 3), (19, 1), (24, 1)])
('newman',[(12, 1)])
('next',[(1, 3)])
('nois',[(22, 1)])
('nomin',[(9, 1)])
('non',[(7, 1), (16, 2), (22, 1), (32, 2)])
('nonlinear',[(22, 1), (24, 1)])
('norm',[(5, 1), (28, 1)])
('normal',[(20, 1)])
('norton',[(17, 1)])
('note',[(19, 1)])
('novel',[(25, 1)])
('nsi',[(32, 7)])
('nu',[(32, 3)])
('nucleon',[(29, 3)])
('nue',[(20, 2)])
('number',[(4, 1), (11, 1), (12, 1), (26, 1)])
('numer',[(8, 2), (16, 1), (24, 1), (25, 1)])
('object',[(9, 5)])
('obner',[(19, 1)])
('observ',[(9, 2), (17, 2), (21, 1), (23, 3), (24, 2), (30, 1)])
('obtain',[(1, 1), (2, 1), (10, 1), (13, 3), (16, 1), (23, 1), (25, 1), (29, 1)])
('occupi',[(6, 1)])
('occur',[(32, 1)])
('octahedr',[(26, 1)])
('odd',[(12, 1), (18, 1)])
('odlro',[(6, 2)])
('old',[(10, 1), (18, 1)])
('omega',[(16, 1)])
('one',[(6, 2), (7, 2), (10, 1), (11, 1), (15, 1), (16, 1), (19, 1), (26, 1), (27, 1)])
('ono',[(12, 1)])
('onto',[(17, 1)])
('oper',[(6, 1), (10, 2), (22, 1)])
('optic',[(25, 1), (27, 1), (30, 2)])
('optim',[(25, 1)])
('order',[(1, 2), (6, 1), (16, 1)])
('ordinari',[(7, 3), (22, 2)])
('origin',[(17, 2)])
('oscil',[(7, 1), (16, 1), (23, 2)])
('other',[(26, 1)])
('outburst',[(17, 1)])
('outer',[(17, 3)])
('output',[(23, 1)])
('outsid',[(9, 1)])
('overflow',[(17, 2)])
('overpartit',[(12, 1)])
('p',[(5, 1), (12, 3), (13, 2)])
('packet',[(24, 1)])
('pair',[(1, 3), (6, 6)])
('paper',[(5, 1), (7, 1), (10, 2), (11, 1), (12, 1), (13, 1), (15, 1), (29, 1)])
('part',[(7, 2)])
('partial',[(10, 5)])
('particl',[(3, 1), (6, 2), (7, 1), (31, 1)])
('particular',[(2, 1), (7, 1), (9, 1), (10, 1)])
('passag',[(32, 1)])
('passiv',[(9, 1)])
('past',[(10, 1)])
('path',[(4, 1), (8, 1)])
('pattern',[(3, 1), (21, 3)])
('pay',[(32, 1)])
('pc',[(9, 1)])
('peak',[(30, 1)])
('pebbl',[(2, 4)])
('peculiar',[(27, 1)])
('pekar',[(25, 1)])
('pepii',[(20, 1)])
('perform',[(25, 1)])
('period',[(23, 2)])
('perman',[(28, 1)])
('perturb',[(1, 2), (22, 1)])
('pfaffian',[(28, 1)])
('phase',[(1, 1), (8, 1)])
('phonon',[(25, 2), (27, 2), (30, 4)])
('photometri',[(9, 1)])
('photon',[(1, 1)])
('physic',[(3, 1), (7, 1), (8, 1)])
('pi',[(20, 3)])
('pin',[(24, 1)])
('place',[(24, 1), (32, 1)])
('planar',[(8, 1)])
('planck',[(7, 1)])
('plane',[(27, 1)])
('plastic',[(8, 1)])
('play',[(10, 1)])
('point',[(9, 1), (13, 1), (15, 1), (23, 1), (27, 1), (31, 1)])
('polar',[(17, 1), (27, 1), (28, 1)])
('polaron',[(25, 3)])
('polym',[(7, 4)])
('popul',[(9, 2)])
('posit',[(28, 1)])
('positron',[(20, 1)])
('possibl',[(7, 1), (9, 1), (11, 1), (32, 3)])
('potenti',[(23, 2)])
('power',[(26, 2)])
('precis',[(31, 1)])
('predict',[(1, 2), (3, 1), (16, 1), (17, 2)])
('prescript',[(18, 1)])
('presenc',[(21, 1)])
('present',[(1, 1), (2, 1), (9, 2), (11, 1), (17, 2), (20, 1), (22, 2), (25, 2)])
('preserv',[(31, 2)])
('previous',[(2, 2), (8, 1), (9, 1)])
('primari',[(3, 1)])
('prime',[(12, 3)])
('probabl',[(19, 1), (29, 1)])
('probe',[(32, 1)])
('problem',[(2, 1), (18, 3), (23, 1), (28, 1)])
('process',[(1, 1), (7, 1), (10, 1), (19, 1), (22, 1), (23, 1), (26, 1), (29, 2)])
('produc',[(1, 2), (17, 1), (32, 1)])
('product',[(1, 1), (10, 1), (21, 1), (28, 1)])
('project',[(6, 2)])
('pronounc',[(27, 1)])
('proof',[(2, 1), (4, 1), (10, 1), (13, 1)])
('propag',[(24, 1), (32, 1)])
('proper',[(23, 1)])
('properti',[(9, 3), (12, 2), (23, 1), (25, 1)])
('propos',[(3, 1)])
('proton',[(31, 3)])
('prove',[(28, 1)])
('provid',[(23, 2), (26, 1)])
('pseudo',[(25, 1)])
('pull',[(22, 2)])
('puls',[(24, 1)])
('pulsat',[(17, 1)])
('pure',[(15, 2)])
('push',[(22, 1)])
('q',[(11, 1), (12, 2), (20, 2)])
('qcd',[(1, 1)])
('quadrat',[(11, 2)])
('quantifi',[(6, 1)])
('quantum',[(1, 1), (7, 6)])
('quark',[(1, 2), (16, 1), (29, 4)])
('quasi',[(8, 1), (24, 1)])
('quiescenc',[(17, 2)])
('quiet',[(23, 1)])
('quotient',[(13, 1)])
('r',[(5, 1), (28, 1)])
('rad',[(3, 1)])
('radial',[(17, 2)])
('radiat',[(1, 1)])
('radius',[(17, 2)])
('raman',[(27, 1)])
('ramond',[(15, 1)])
('ramp',[(8, 3)])
('rang',[(6, 1), (9, 1), (23, 1)])
('rankin',[(12, 1)])
('rashba',[(25, 1)])
('rate',[(3, 1)])
('rather',[(7, 1)])
('ray',[(9, 1)])
('rd',[(20, 1)])
('react',[(23, 1)])
('reaction',[(21, 1)])
('real',[(11, 1), (25, 1), (28, 2)])
('reason',[(29, 1)])
('receiv',[(2, 1)])
('recent',[(2, 1), (7, 1), (12, 1), (16, 1), (25, 1)])
('recip',[(26, 1)])
('record',[(20, 1)])
('recov',[(7, 1)])
('reflect',[(6, 1)])
('regim',[(24, 2), (30, 2)])
('region',[(1, 1), (9, 1), (23, 1)])
('regul',[(18, 2)])
('relat',[(7, 3), (10, 1), (13, 1), (14, 1), (20, 1)])
('relativist',[(16, 1)])
('releas',[(8, 1)])
('reliabl',[(1, 1)])
('remain',[(23, 1)])
('remark',[(26, 1)])
('repres',[(8, 1), (26, 1)])
('represent',[(7, 2)])
('requir',[(8, 1), (23, 1)])
('research',[(23, 1)])
('resist',[(30, 1)])
('resolut',[(23, 3)])
('resolv',[(8, 1), (23, 1), (24, 1)])
('reson',[(6, 1), (27, 2), (32, 2)])
('respect',[(20, 1)])
('respons',[(8, 1)])
('result',[(2, 1), (3, 1), (5, 1), (6, 1), (8, 1), (9, 3), (10, 1), (12, 1), (13, 1), (16, 1), (17, 2), (18, 1), (20, 1), (21, 1), (23, 1), (25, 1), (30, 1)])
('resumm',[(1, 1)])
('reveal',[(17, 1), (23, 1)])
('revers',[(4, 1), (7, 1)])
('rigid',[(2, 1), (22, 1)])
('rival',[(23, 1)])
('robust',[(8, 1)])
('roch',[(3, 1), (17, 2)])
('role',[(10, 1)])
('rotat',[(3, 1), (17, 1)])
('rule',[(26, 1)])
('sampl',[(31, 1)])
('sarantopoulo',[(28, 1)])
('satellit',[(22, 1)])
('satisfi',[(12, 1)])
('scalar',[(8, 1)])
('scale',[(7, 1), (26, 1), (30, 1)])
('scatter',[(6, 1), (24, 1), (31, 1)])
('scheme',[(22, 4)])
('schroeding',[(7, 3)])
('second',[(7, 1)])
('sector',[(7, 1)])
('seen',[(9, 1)])
('select',[(1, 1)])
('selex',[(16, 2)])
('self',[(18, 1)])
('semi',[(28, 1)])
('semicub',[(10, 1)])
('sensit',[(1, 1), (23, 1), (30, 1)])
('separ',[(23, 1)])
('seri',[(13, 1), (19, 1), (22, 1)])
('serpen',[(9, 3)])
('serr',[(13, 2)])
('set',[(9, 6), (16, 1), (31, 1)])
('sever',[(7, 1), (9, 1), (30, 1)])
('shape',[(20, 1), (24, 1)])
('shock',[(8, 5), (32, 1)])
('short',[(23, 1), (32, 1)])
('show',[(1, 1), (4, 1), (5, 1), (7, 1), (9, 1), (18, 1), (21, 1), (22, 1), (24, 1), (30, 1), (31, 1)])
('shown',[(1, 1)])
('side',[(6, 1), (24, 1)])
('siegel',[(11, 2), (13, 1)])
('sign',[(4, 1)])
('signal',[(1, 1)])
('signatur',[(23, 1)])
('signific',[(23, 1)])
('similar',[(6, 1), (30, 1)])
('simpl',[(7, 1), (16, 1), (26, 1)])
('simplifi',[(29, 1)])
('simul',[(8, 1), (21, 1), (22, 1), (23, 1), (24, 1), (31, 1)])
('sinc',[(30, 1)])
('singl',[(4, 1)])
('singular',[(12, 1), (26, 1)])
('sky',[(26, 1)])
('sl',[(13, 1)])
('slight',[(30, 1)])
('slow',[(3, 1)])
('small',[(32, 1)])
('smooth',[(22, 1)])
('sn',[(32, 3)])
('societi',[(3, 1)])
('solar',[(23, 4)])
('solut',[(2, 1), (8, 2), (22, 1)])
('solv',[(8, 1)])
('sometim',[(28, 1)])
('sophist',[(23, 1)])
('sourc',[(4, 1), (9, 2)])
('space',[(1, 1), (5, 1), (13, 1), (18, 2), (24, 1), (28, 1)])
('spars',[(2, 3)])
('sparsiti',[(2, 1)])
('spatial',[(8, 1), (9, 1), (23, 1)])
('spatiotempor',[(21, 1)])
('special',[(2, 1), (5, 1), (32, 1)])
('specifi',[(1, 1)])
('spectat',[(16, 1)])
('spectral',[(25, 1), (30, 3)])
('spectroscop',[(17, 1)])
('spectrum',[(27, 1), (32, 2)])
('spin',[(17, 4), (24, 2), (29, 2)])
('spinor',[(15, 2)])
('spite',[(23, 1)])
('spitzer',[(9, 2)])
('sqrt',[(11, 1)])
('stabl',[(24, 1)])
('stage',[(9, 1)])
('stand',[(23, 1)])
('standard',[(7, 1), (32, 1)])
('star',[(9, 3)])
('start',[(7, 2)])
('state',[(1, 1), (6, 1), (8, 1), (15, 1), (25, 2)])
('static',[(30, 1)])
('statist',[(20, 1)])
('steer',[(31, 1)])
('stein',[(23, 1)])
('stellar',[(9, 1)])
('still',[(16, 1)])
('stirl',[(4, 1)])
('stochast',[(21, 1), (22, 9), (25, 1)])
('stream',[(17, 1)])
('streinu',[(2, 1)])
('strength',[(6, 1), (27, 1), (32, 1)])
('strengthen',[(2, 1)])
('string',[(14, 1), (18, 1)])
('stripe',[(24, 2)])
('strong',[(24, 1), (25, 1)])
('structur',[(10, 2), (23, 1), (24, 1), (27, 1), (29, 3)])
('strut',[(26, 1)])
('studi',[(6, 1), (9, 2), (12, 1), (13, 1), (29, 1), (32, 1)])
('subgraph',[(10, 1)])
('subject',[(28, 1)])
('subprocess',[(1, 1)])
('subsequ',[(22, 1)])
('subset',[(9, 1)])
('suggest',[(3, 1), (17, 1), (23, 1)])
('sum',[(12, 1)])
('sun',[(23, 1)])
('supernova',[(32, 1)])
('superspac',[(15, 1)])
('superstr',[(15, 1)])
('supersymmetr',[(15, 1)])
('suppress',[(16, 1)])
('symmetr',[(7, 1)])
('symmetri',[(29, 2)])
('synchron',[(21, 1)])
('system',[(3, 5), (7, 1), (9, 1), (17, 1), (21, 1), (25, 2)])
('systemat',[(20, 1)])
('tabl',[(9, 1)])
('take',[(24, 1), (32, 1)])
('taylor',[(22, 1)])
('techniqu',[(24, 1)])
('teller',[(25, 1)])
('temperatur',[(8, 1)])
('ten',[(15, 1)])
('tendenc',[(23, 1)])
('term',[(5, 1)])
('test',[(1, 1)])
('tev',[(31, 1)])
('tevatron',[(1, 1)])
('theorem',[(12, 1)])
('theoret',[(9, 1), (16, 1), (17, 1), (20, 1)])
('theori',[(2, 1), (7, 4), (10, 1), (14, 1)])
('therebi',[(26, 1)])
('think',[(18, 1)])
('three',[(6, 1), (32, 1)])
('thus',[(22, 1), (23, 2), (24, 1)])
('tidal',[(3, 1)])
('time',[(17, 1), (24, 1), (25, 1), (31, 1), (32, 2)])
('tomogram',[(17, 1)])
('tool',[(26, 1)])
('topolog',[(14, 1)])
('toward',[(23, 1)])
('trace',[(12, 1)])
('transform',[(26, 1)])
('transit',[(8, 1), (27, 2), (29, 1)])
('transmiss',[(31, 1)])
('transport',[(22, 1)])
('transvers',[(24, 1)])
('trap',[(31, 2)])
('tree',[(2, 1)])
('tri',[(7, 1)])
('truncat',[(22, 1)])
('tunabl',[(6, 1)])
('tune',[(30, 1)])
('turnov',[(21, 1)])
('tutt',[(2, 1)])
('two',[(6, 2), (7, 1), (9, 2), (15, 2), (22, 1)])
('typic',[(8, 1)])
('unbias',[(25, 1)])
('uncertainti',[(20, 1)])
('under',[(22, 2)])
('understand',[(25, 1)])
('understood',[(23, 1)])
('underwat',[(22, 1)])
('uniform',[(6, 1), (22, 1)])
('uniqu',[(23, 1)])
('univers',[(32, 1)])
('unknown',[(16, 1)])
('unlabel',[(4, 1)])
('upper',[(16, 1)])
('use',[(2, 1), (5, 1), (11, 1), (12, 1), (13, 1), (15, 1), (16, 1), (18, 2), (19, 1), (20, 2), (22, 2), (24, 1), (27, 2), (28, 1), (29, 1), (30, 1)])
('util',[(10, 1)])
('valid',[(1, 1)])
('valu',[(13, 1), (16, 1), (20, 1)])
('vector',[(22, 1)])
('vehicl',[(22, 1)])
('veloc',[(17, 5)])
('version',[(28, 1)])
('vertex',[(26, 1)])
('via',[(22, 3)])
('wall',[(24, 1)])
('water',[(32, 1)])
('wave',[(6, 3), (21, 2), (24, 2), (29, 1)])
('waveform',[(24, 2)])
('waveguid',[(24, 2)])
('wavelength',[(23, 3)])
('weak',[(13, 1)])
('weight',[(12, 1), (13, 2)])
('well',[(1, 1), (3, 1), (17, 1)])
('westermann',[(2, 1)])
('white',[(17, 2)])
('whose',[(22, 1)])
('wide',[(9, 1)])
('width',[(30, 1)])
('william',[(2, 1)])
('winkler',[(10, 1)])
('within',[(23, 1), (26, 1)])
('without',[(8, 1)])
('wolfram',[(26, 1)])
('work',[(2, 1), (8, 1), (16, 1)])
('world',[(20, 1)])
('would',[(16, 1)])
('wynn',[(17, 1)])
('x',[(3, 2), (9, 2), (31, 2)])
('xi',[(16, 2)])
('xqm',[(29, 3)])
('y',[(31, 2)])
('year',[(2, 1), (3, 1), (7, 1)])
('young',[(9, 1)])
('yso',[(9, 8)])
('z',[(12, 2), (13, 1)])
('zds',[(26, 2)])
('zero',[(26, 1)])