('abil',[(37, 1)])
('abl',[(48, 1)])
('account',[(39, 1), (42, 1)])
('accret',[(44, 1)])
('accur',[(43, 1), (48, 2)])
('accuraci',[(35, 1), (47, 2), (48, 1)])
('achiev',[(47, 1)])
('acoust',[(47, 5), (50, 5)])
('act',[(41, 1)])
('action',[(41, 1), (45, 1)])
('activ',[(47, 1), (50, 1)])
('addit',[(43, 1), (45, 1), (48, 2)])
('adiabat',[(45, 2)])
('ae',[(50, 3)])
('affect',[(43, 1)])
('ain',[(39, 2)])
('aircraft',[(47, 2), (50, 1)])
('alfven',[(44, 3)])
('algorithm',[(49, 3)])
('allow',[(35, 1), (37, 1)])
('along',[(41, 1), (44, 1)])
('also',[(35, 1), (41, 1), (45, 1), (48, 1)])
('aluminum',[(50, 1)])
('among',[(38, 1)])
('amplitud',[(45, 2)])
('analogu',[(40, 1)])
('analysi',[(33, 1), (47, 1), (48, 1), (50, 4)])
('analyt',[(36, 1), (46, 1)])
('angl',[(37, 1)])
('anisotrop',[(44, 1)])
('anoth',[(39, 1)])
('antenna',[(47, 1)])
('applic',[(33, 1), (38, 1), (43, 1), (44, 1), (47, 1), (50, 1)])
('approach',[(45, 2), (48, 2)])
('approxim',[(33, 1), (35, 1), (37, 1), (38, 1)])
('arbitrarili',[(38, 1)])
('area',[(47, 1)])
('aris',[(42, 1)])
('arriv',[(46, 1)])
('articl',[(47, 1)])
('artifici',[(43, 1)])
('arxiv',[(34, 1)])
('aspect',[(38, 1)])
('associ',[(44, 1)])
('assumpt',[(41, 1), (44, 1)])
('astrophys',[(44, 2)])
('asymptot',[(39, 1)])
('atherm',[(43, 1)])
('attenu',[(47, 1)])
('automat',[(48, 1)])
('avail',[(37, 1)])
('averag',[(45, 1)])
('avoid',[(47, 1)])
('band',[(50, 1)])
('base',[(35, 1), (38, 1), (43, 2), (47, 1), (48, 1)])
('behavior',[(36, 1)])
('behaviour',[(39, 1)])
('behind',[(43, 1)])
('benefit',[(43, 1)])
('bigger',[(41, 1)])
('binari',[(48, 1)])
('bio',[(34, 1)])
('biolog',[(36, 1)])
('bistabl',[(36, 1)])
('blind',[(47, 1), (50, 2)])
('blur',[(43, 1)])
('boltzmann',[(43, 1)])
('bore',[(45, 3)])
('bottom',[(45, 3)])
('bound',[(33, 1)])
('bring',[(44, 2)])
('bss',[(50, 1)])
('calcul',[(39, 1)])
('call',[(41, 1)])
('cannot',[(44, 1), (45, 1)])
('capabl',[(37, 1)])
('capac',[(46, 1)])
('carlo',[(48, 3)])
('carri',[(33, 1)])
('cascad',[(36, 1), (44, 9)])
('case',[(35, 2), (40, 1)])
('categori',[(41, 3)])
('caviti',[(43, 1)])
('cell',[(36, 1)])
('central',[(40, 1)])
('certain',[(41, 1), (45, 1), (46, 1)])
('chain',[(48, 3)])
('challeng',[(48, 1)])
('chang',[(36, 1), (39, 1)])
('channel',[(46, 2)])
('character',[(50, 2)])
('chezi',[(45, 1)])
('cite',[(41, 1)])
('clarifi',[(46, 1)])
('class',[(49, 2)])
('classic',[(41, 1), (43, 1), (46, 1)])
('classif',[(49, 1)])
('classifi',[(49, 1)])
('cluster',[(37, 2), (44, 1)])
('coars',[(43, 1)])
('coeffici',[(45, 1)])
('coher',[(42, 1), (48, 2)])
('collis',[(44, 1)])
('collision',[(44, 3)])
('collisionless',[(44, 2)])
('combin',[(45, 1)])
('common',[(33, 1)])
('commut',[(41, 1)])
('compact',[(41, 3)])
('compar',[(37, 1), (44, 1), (47, 1)])
('complex',[(40, 1)])
('complic',[(47, 1)])
('compon',[(44, 1), (50, 2)])
('compress',[(44, 1)])
('compris',[(47, 1)])
('comput',[(35, 1), (37, 4)])
('conclus',[(42, 1)])
('condit',[(36, 2), (40, 3)])
('conjectur',[(46, 3)])
('consequ',[(33, 1)])
('consid',[(37, 1), (42, 1), (45, 1)])
('consider',[(45, 1)])
('consist',[(48, 1)])
('construct',[(40, 1), (41, 1), (43, 4)])
('contain',[(34, 1)])
('context',[(38, 1), (41, 1), (42, 1)])
('continu',[(39, 1), (47, 1), (50, 1)])
('contribut',[(39, 1)])
('control',[(43, 1)])
('convent',[(47, 1)])
('converg',[(33, 3)])
('convert',[(44, 2)])
('correspond',[(34, 1), (39, 1)])
('cost',[(46, 1)])
('critic',[(38, 1)])
('cubic',[(33, 4), (35, 1)])
('current',[(37, 1)])
('cycl',[(36, 2)])
('cyclotron',[(44, 1)])
('d',[(33, 4), (43, 2), (49, 5)])
('damp',[(44, 2)])
('data',[(47, 1), (48, 2)])
('dda',[(33, 4), (37, 3), (38, 3)])
('de',[(45, 1)])
('decreas',[(33, 1), (35, 1)])
('deep',[(42, 1)])
('defect',[(50, 1)])
('defin',[(41, 2)])
('delay',[(47, 1), (50, 1)])
('demonstr',[(35, 1), (48, 2), (50, 1)])
('densiti',[(43, 1), (46, 1)])
('depend',[(37, 1), (44, 1), (47, 1)])
('dephosphoryl',[(36, 2)])
('deriv',[(44, 1)])
('describ',[(37, 1), (41, 1), (47, 2), (50, 1)])
('descript',[(41, 1)])
('destruct',[(47, 2), (50, 1)])
('detail',[(44, 1)])
('detect',[(48, 2)])
('determin',[(39, 2), (48, 1)])
('develop',[(33, 1), (38, 2), (44, 1), (45, 1), (50, 1)])
('differ',[(35, 1), (43, 1), (45, 1), (47, 1)])
('difficult',[(47, 1), (50, 1)])
('dimens',[(47, 1)])
('diosi',[(46, 1)])
('dipol',[(33, 2), (35, 1), (37, 2), (38, 1)])
('direct',[(35, 1), (36, 1)])
('discrep',[(39, 1)])
('discret',[(33, 1), (35, 4), (37, 1), (38, 1)])
('discuss',[(33, 1), (37, 1), (38, 2), (44, 1), (47, 1), (50, 1)])
('disk',[(44, 1)])
('dissip',[(43, 1), (44, 1)])
('distinct',[(37, 1), (44, 1)])
('done',[(42, 1), (44, 1)])
('doubl',[(41, 1)])
('driven',[(43, 1)])
('due',[(45, 1)])
('dwarf',[(48, 1)])
('dynam',[(36, 1)])
('effect',[(45, 2)])
('electr',[(38, 1)])
('electron',[(44, 4)])
('element',[(43, 1)])
('emiss',[(47, 5), (50, 5)])
('empir',[(35, 1)])
('enabl',[(45, 1)])
('end',[(48, 2)])
('energi',[(39, 1), (44, 4)])
('enough',[(33, 1)])
('entrop',[(43, 2)])
('entropi',[(43, 8), (44, 1), (46, 2)])
('equat',[(38, 1), (39, 1), (44, 4), (45, 2)])
('equivari',[(41, 1)])
('eras',[(43, 1)])
('error',[(33, 2), (35, 3), (37, 1), (39, 2)])
('es',[(39, 2)])
('especi',[(35, 1)])
('essenti',[(45, 1)])
('estim',[(35, 1), (43, 1), (47, 1), (50, 1)])
('evalu',[(48, 1)])
('even',[(36, 1)])
('evolut',[(45, 2)])
('exact',[(37, 1)])
('exampl',[(42, 1), (43, 1), (47, 1)])
('exist',[(41, 1)])
('expect',[(40, 1)])
('experiment',[(39, 1)])
('explicit',[(41, 1)])
('extend',[(42, 1)])
('extens',[(33, 1), (35, 1)])
('extraordinari',[(35, 1)])
('extrapol',[(35, 3)])
('fact',[(41, 1)])
('factor',[(39, 4), (45, 1)])
('famili',[(41, 1), (43, 1)])
('fano',[(49, 4)])
('far',[(36, 1)])
('featur',[(37, 1)])
('feedback',[(36, 1)])
('feldmann',[(46, 1)])
('field',[(38, 1), (43, 1), (44, 2)])
('filter',[(43, 2)])
('final',[(33, 1), (35, 1), (38, 1)])
('finit',[(43, 3)])
('first',[(46, 1), (48, 1)])
('fluctuat',[(44, 5)])
('fluid',[(44, 1)])
('flux',[(43, 1)])
('fm',[(39, 3)])
('form',[(39, 4), (41, 1)])
('formal',[(42, 2)])
('formul',[(41, 1)])
('frame',[(47, 2), (50, 1)])
('framework',[(38, 1), (40, 1), (44, 1), (45, 2)])
('free',[(40, 1)])
('freeness',[(40, 2)])
('frequenc',[(44, 2), (48, 1)])
('friction',[(45, 3)])
('function',[(40, 1)])
('futur',[(38, 1)])
('fuzzi',[(42, 1)])
('galaxi',[(44, 1)])
('general',[(36, 1), (37, 1), (38, 2), (41, 1), (42, 1), (43, 1), (45, 2), (46, 1), (47, 2)])
('generat',[(36, 1), (50, 1)])
('give',[(41, 1)])
('given',[(39, 1), (41, 1), (49, 1)])
('global',[(45, 1)])
('go',[(42, 1)])
('goe',[(46, 1)])
('govern',[(44, 2)])
('gradual',[(45, 1)])
('grid',[(43, 1), (48, 1)])
('group',[(41, 8)])
('growth',[(45, 1)])
('gyroscal',[(44, 4)])
('hajac',[(41, 1)])
('heat',[(44, 3)])
('henc',[(33, 1)])
('hilbert',[(41, 1)])
('histor',[(38, 1)])
('holomorph',[(41, 1)])
('ica',[(50, 2)])
('idea',[(43, 1)])
('identifi',[(41, 1)])
('ii',[(43, 1), (47, 1), (50, 1)])
('illustr',[(35, 1)])
('implement',[(48, 1)])
('impli',[(36, 1)])
('import',[(33, 1), (38, 1), (39, 2), (45, 1)])
('impos',[(39, 1), (45, 1)])
('improv',[(35, 2), (37, 1), (45, 1)])
('incid',[(37, 1)])
('includ',[(36, 1)])
('increas',[(33, 1), (37, 2), (48, 1)])
('independ',[(40, 1), (50, 3)])
('index',[(37, 1)])
('inerti',[(44, 2)])
('infin',[(46, 1)])
('inform',[(48, 1)])
('initi',[(43, 1), (45, 1)])
('inject',[(44, 1)])
('input',[(39, 1), (49, 1)])
('integ',[(49, 1)])
('integr',[(37, 1), (38, 1), (45, 1)])
('intellig',[(47, 5), (50, 1)])
('interact',[(44, 1), (45, 1)])
('interest',[(48, 1)])
('interstellar',[(44, 1)])
('introduc',[(41, 1), (43, 1)])
('investig',[(37, 1)])
('ion',[(44, 6)])
('isol',[(45, 2)])
('isometr',[(41, 2)])
('isometri',[(41, 7)])
('isomorph',[(49, 2)])
('isospin',[(39, 1)])
('kaw',[(44, 2)])
('key',[(44, 1)])
('kinet',[(44, 5)])
('known',[(45, 1)])
('kolmogorov',[(44, 1)])
('korteweg',[(45, 1)])
('kosloff',[(46, 1)])
('la',[(39, 4)])
('larg',[(33, 1), (37, 2), (39, 1), (46, 1)])
('larger',[(37, 1), (39, 1)])
('latter',[(33, 1), (38, 1), (44, 1)])
('lattic',[(43, 1)])
('law',[(45, 1), (46, 1)])
('lbm',[(43, 4)])
('lead',[(44, 1), (45, 2), (46, 1)])
('learn',[(47, 1)])
('least',[(36, 1)])
('level',[(36, 1), (48, 1)])
('lid',[(43, 1)])
('light',[(37, 3), (38, 2)])
('like',[(36, 1), (37, 1), (44, 1)])
('limit',[(37, 1), (40, 1), (43, 7), (46, 1)])
('line',[(41, 1), (44, 1)])
('linear',[(33, 3), (44, 1)])
('lisa',[(48, 1)])
('list',[(49, 1)])
('local',[(45, 1)])
('locat',[(47, 11), (50, 4)])
('logic',[(42, 2)])
('low',[(39, 1), (44, 1)])
('m',[(37, 3)])
('magnet',[(44, 1)])
('magnitud',[(35, 1)])
('main',[(37, 1), (39, 1), (43, 1)])
('mani',[(35, 1)])
('manifold',[(41, 4)])
('manuscript',[(37, 2)])
('mapk',[(36, 1)])
('markov',[(48, 3)])
('materi',[(50, 1)])
('matric',[(39, 1), (46, 1)])
('mean',[(40, 1), (44, 1)])
('meaning',[(40, 1)])
('measur',[(33, 1)])
('mechan',[(46, 1)])
('media',[(45, 1)])
('medium',[(44, 1)])
('menten',[(36, 2)])
('method',[(35, 1), (38, 4), (39, 1), (43, 2), (45, 1), (47, 3), (50, 1)])
('micha',[(36, 2)])
('mie',[(37, 1)])
('mix',[(50, 1)])
('mixtur',[(46, 1), (50, 1)])
('mldc',[(48, 1)])
('mock',[(48, 1)])
('mode',[(50, 1)])
('model',[(45, 1), (46, 1)])
('monoton',[(40, 1)])
('mont',[(48, 3)])
('moreov',[(33, 1)])
('motif',[(36, 2)])
('move',[(44, 1)])
('much',[(33, 1), (37, 1)])
('multilinear',[(40, 1)])
('multisit',[(36, 2)])
('muskhelishvili',[(39, 1)])
('n',[(36, 7)])
('name',[(41, 1), (49, 1)])
('natur',[(34, 1), (41, 2), (44, 1)])
('near',[(36, 1)])
('network',[(47, 1)])
('neural',[(47, 1)])
('never',[(36, 1)])
('new',[(33, 1)])
('nois',[(48, 1)])
('non',[(33, 2), (39, 1), (43, 1), (45, 1), (47, 2), (50, 1)])
('noncommut',[(41, 5)])
('nonequilibrium',[(43, 5)])
('nonlinear',[(45, 2)])
('notion',[(40, 1), (41, 2)])
('null',[(39, 1)])
('number',[(33, 1), (36, 2), (37, 1), (43, 1), (46, 1), (49, 1)])
('numer',[(33, 1), (37, 1), (38, 1), (43, 1)])
('obey',[(44, 1)])
('object',[(41, 2)])
('observ',[(42, 1)])
('obtain',[(39, 1), (41, 1), (47, 1)])
('odd',[(36, 1)])
('often',[(50, 1)])
('omn',[(39, 2)])
('one',[(35, 1), (36, 1), (37, 1), (39, 1), (46, 1)])
('open',[(42, 1)])
('optim',[(37, 1)])
('order',[(35, 1)])
('oscil',[(43, 1)])
('outer',[(44, 1)])
('outlin',[(42, 1)])
('paper',[(34, 1), (36, 1), (40, 1), (45, 1), (46, 1), (50, 1)])
('parallel',[(37, 1)])
('paramet',[(36, 4), (37, 1), (48, 1)])
('part',[(47, 2), (50, 2)])
('particl',[(33, 1), (35, 1), (37, 2), (38, 1), (44, 1)])
('particular',[(36, 1), (45, 1)])
('passiv',[(44, 2)])
('path',[(47, 1)])
('per',[(46, 1)])
('perform',[(33, 1), (35, 2), (47, 1)])
('period',[(45, 2)])
('perturb',[(45, 1)])
('phase',[(39, 3), (44, 2)])
('phosphoryl',[(36, 2)])
('physic',[(43, 1), (44, 3)])
('pi',[(39, 10)])
('pion',[(39, 3)])
('pipelin',[(48, 1)])
('plasma',[(44, 3)])
('play',[(39, 1)])
('pm',[(39, 3)])
('polytop',[(49, 4)])
('posit',[(36, 3), (38, 1), (40, 2), (49, 1)])
('possibl',[(37, 1), (38, 1), (41, 1), (42, 2), (43, 1)])
('post',[(48, 1)])
('practic',[(38, 1)])
('pre',[(48, 1)])
('precis',[(39, 2)])
('predict',[(45, 1)])
('presenc',[(45, 1)])
('present',[(37, 1), (38, 1), (39, 2), (40, 1), (44, 1), (49, 1)])
('problem',[(44, 1), (47, 2), (50, 2)])
('process',[(37, 1), (48, 2)])
('processor',[(37, 1)])
('produc',[(49, 1)])
('product',[(43, 1)])
('program',[(37, 2)])
('promis',[(47, 1), (50, 1)])
('proof',[(46, 2)])
('propag',[(45, 4)])
('properti',[(43, 1), (47, 1)])
('propos',[(35, 3), (42, 1)])
('proposit',[(42, 1)])
('prove',[(33, 1), (41, 1)])
('proven',[(35, 1), (46, 1)])
('provid',[(43, 1)])
('public',[(37, 1)])
('purpos',[(50, 1)])
('put',[(38, 1)])
('q',[(34, 1)])
('qcd',[(39, 1)])
('quadrat',[(33, 2), (39, 1)])
('qualiti',[(35, 1)])
('quantiti',[(33, 1), (37, 1), (43, 1)])
('quantum',[(41, 10), (42, 5), (46, 3)])
('quasi',[(36, 2)])
('quasiequilibria',[(43, 1)])
('r',[(39, 4), (40, 1)])
('ra',[(39, 4)])
('radius',[(39, 1)])
('rang',[(33, 3), (36, 1), (44, 4)])
('ratio',[(43, 1)])
('ray',[(47, 1)])
('re',[(43, 1)])
('reach',[(35, 1), (37, 1)])
('reanalyz',[(39, 1)])
('recent',[(38, 1), (39, 1), (45, 1), (50, 1)])
('reduc',[(44, 1)])
('refin',[(35, 1)])
('refract',[(37, 1)])
('regress',[(47, 1)])
('regular',[(41, 1)])
('relat',[(33, 1), (42, 1), (44, 1), (46, 2)])
('relationship',[(42, 1)])
('reliabl',[(35, 1)])
('repeat',[(36, 1)])
('replac',[(40, 1)])
('report',[(48, 1)])
('represent',[(39, 1), (41, 1)])
('requir',[(37, 1), (39, 1), (42, 1)])
('resolv',[(37, 1)])
('respect',[(37, 1), (41, 1), (44, 1)])
('restrict',[(43, 1), (45, 1)])
('result',[(37, 1), (39, 3), (40, 1), (45, 1)])
('review',[(38, 2)])
('reynold',[(43, 1)])
('riemannian',[(41, 2)])
('rigor',[(33, 1)])
('rmhd',[(44, 2)])
('role',[(39, 1)])
('round',[(48, 1)])
('routin',[(48, 1)])
('satisfi',[(41, 1)])
('scalar',[(39, 4), (43, 1)])
('scale',[(44, 7)])
('scatter',[(33, 2), (37, 4), (38, 2), (39, 1)])
('scheme',[(43, 1)])
('second',[(46, 1)])
('secur',[(48, 1)])
('select',[(48, 1)])
('semant',[(42, 1)])
('sensor',[(47, 1)])
('sent',[(34, 1)])
('separ',[(35, 1), (47, 1), (50, 3)])
('seri',[(40, 1)])
('set',[(42, 1), (44, 1), (48, 1)])
('settl',[(39, 1)])
('sever',[(40, 1)])
('shallow',[(45, 1)])
('shape',[(33, 3), (35, 2), (38, 1)])
('shift',[(39, 2)])
('shock',[(43, 2)])
('show',[(36, 1), (37, 1), (39, 1), (42, 1)])
('shown',[(38, 1), (45, 1), (47, 1)])
('signal',[(36, 1), (48, 4), (50, 3)])
('signific',[(33, 1)])
('similar',[(44, 1)])
('simpl',[(35, 1)])
('simul',[(33, 1), (35, 1), (37, 5), (38, 2)])
('simultan',[(47, 1), (50, 1)])
('sinc',[(47, 1)])
('singl',[(36, 1), (37, 1), (48, 1), (49, 1)])
('size',[(33, 2), (37, 1), (46, 1)])
('slope',[(45, 1)])
('slowli',[(45, 1)])
('small',[(33, 1)])
('smaller',[(33, 2)])
('smooth',[(41, 3), (43, 1), (49, 4)])
('solar',[(44, 1)])
('solitari',[(45, 6)])
('soltan',[(41, 1)])
('solut',[(43, 1)])
('solv',[(39, 1), (47, 1), (50, 1)])
('sonic',[(47, 1)])
('sound',[(47, 1)])
('sourc',[(39, 1), (47, 3), (48, 1), (50, 6)])
('space',[(41, 1), (44, 4)])
('specimen',[(47, 2), (50, 1)])
('spectral',[(41, 2)])
('sphere',[(37, 1)])
('split',[(44, 1)])
('spurious',[(43, 1)])
('standard',[(36, 2)])
('state',[(36, 9), (40, 1), (46, 1)])
('statist',[(50, 1)])
('steadi',[(36, 9)])
('steepli',[(37, 1)])
('store',[(47, 1)])
('strang',[(39, 1)])
('structur',[(42, 1), (47, 2), (50, 1)])
('studi',[(35, 1), (36, 1), (45, 1)])
('style',[(44, 1)])
('substanti',[(45, 1)])
('sum',[(33, 1)])
('supplement',[(34, 1), (48, 1)])
('system',[(42, 3), (43, 1), (45, 1), (46, 1)])
('systemat',[(37, 1), (44, 1)])
('take',[(38, 1), (42, 1)])
('techniqu',[(35, 2)])
('term',[(33, 3)])
('test',[(35, 2), (43, 1), (47, 6), (50, 1)])
('text',[(34, 1)])
('theorem',[(40, 1)])
('theoret',[(33, 1), (44, 1)])
('theori',[(37, 1), (38, 1), (42, 2), (45, 1)])
('therefor',[(33, 1)])
('three',[(36, 1)])
('time',[(37, 1), (47, 1), (50, 1)])
('tini',[(39, 1)])
('topographi',[(45, 2)])
('tori',[(41, 1)])
('torus',[(41, 2)])
('tractabl',[(44, 1)])
('tradit',[(45, 1)])
('train',[(45, 1)])
('transform',[(40, 1), (43, 1)])
('triangul',[(47, 1)])
('trim',[(43, 1)])
('tripl',[(41, 2)])
('truth',[(42, 1)])
('tube',[(43, 1)])
('turbul',[(44, 2)])
('two',[(35, 1), (43, 1), (44, 2), (47, 1), (50, 2)])
('ultim',[(44, 1)])
('ultrasensit',[(36, 1)])
('uncertainti',[(39, 1)])
('undular',[(45, 3)])
('unit',[(46, 1), (48, 2)])
('unitari',[(41, 1)])
('univers',[(41, 3)])
('unknown',[(50, 1)])
('unsteadi',[(45, 1)])
('us',[(45, 1)])
('use',[(35, 1), (36, 1), (39, 1), (42, 2), (45, 2), (46, 1), (49, 1), (50, 2)])
('valu',[(37, 1), (39, 3), (40, 1), (42, 1)])
('vari',[(36, 1), (45, 1)])
('variabl',[(45, 3)])
('varieti',[(36, 1)])
('various',[(50, 2)])
('veloc',[(44, 1), (47, 1)])
('version',[(40, 1)])
('viewpoint',[(38, 1)])
('volum',[(43, 1)])
('vri',[(45, 1)])
('water',[(45, 1)])
('wave',[(32, 1), (39, 2), (44, 2), (45, 8)])
('wavelength',[(37, 1)])
('way',[(37, 1)])
('week',[(37, 1)])
('white',[(48, 1)])
('whitham',[(45, 1)])
('wide',[(33, 1)])
('wind',[(44, 1)])
('window',[(48, 1)])
('within',[(32, 1), (42, 1), (45, 1)])
('without',[(36, 1), (43, 1), (44, 1)])
('work',[(43, 1)])
('woronowicz',[(41, 1)])
('x',[(37, 3)])
('yet',[(39, 1)])
('yndur',[(39, 2)])
('zero',[(39, 1)])