1       0
2       1688
3       3068
4       4517
5       5201
6       5936
7       7357
8       9071
9       10741
10      13228
11      14377
12      15470
13      16508
14      17717
15      18285
16      19309
17      20677
18      23061
19      23988
20      24727
21      26146
22      27303
23      29263
24      31355
25      32987
26      34518
27      36101
28      37696
29      38611
30      39872
31      41212
32      42461
33      44123
34      46094
35      46633
36      47981
37      49736
38      51549
39      53071
40      54877
41      55888
42      58010
43      59124
44      60919
45      63962
46      65947
47      66969
48      68644
49      70586
50      71383
